Upton 87 92 78 95 88
Vargas 86 89 77 93 81
Watson 85 93 76 88 72
Parker 90 85 92 87 80
Miller 85 93 76 88 72
Fisher 89 84 70 92 79
Nelson 91 87 84 90 86
Urbina 90 85 92 87 80
Hernandez 91 87 84 90 86
Diaz 89 86 82 94 87
Kumar 86 89 77 93 81
Irwin 84 90 79 91 78
Chen 84 90 79 91 78
Anderson 86 89 77 93 81
Sanders 91 87 84 90 86
Xu 91 87 84 90 86
Taylor 89 86 82 94 87
Ramirez 85 93 76 88 72
Adams 87 92 78 95 88
Harris 92 88 83 96 85
Zhang 90 85 92 87 80
Edwards 87 92 78 95 88
Ortega 87 92 78 95 88
Iverson 88 91 75 94 83
Baker 89 84 70 92 79
Lopez 92 88 83 96 85
Nguyen 89 86 82 94 87
Valdez 89 84 70 92 79
Johnson 90 85 92 87 80
Campbell 85 93 76 88 72
Brown 92 88 83 96 85
Williams 92 88 83 96 85
Patel 89 84 70 92 79
Lee 89 84 70 92 79
Kelly 87 92 78 95 88
Thompson 88 91 75 94 83
Davis 91 87 84 90 86
Owens 88 91 75 94 83
Quinn 86 89 77 93 81
Gomez 85 93 76 88 72
Young 88 91 75 94 83
Reyes 92 88 83 96 85
Evans 88 91 75 94 83
Smith 84 90 79 91 78
Jackson 89 86 82 94 87
Yang 84 90 79 91 78
Garcia 86 89 77 93 81
Zimmerman 89 86 82 94 87
Foster 90 85 92 87 80
Martinez 84 90 79 91 78
